"intercept" "drugB" "time2" "time3" "time6" "drugB:time2" "drugB:time3" "drugB:time6"
"1" 0 0 0 0 0 0 0 0
"2" 0.1824 -0.0876000000000002 -0.224 -0.204 -2.97909844941084e-17 0.316 0.148 -0.0899999999999999
"3" 0.276760265008532 -0.0831233197285654 -0.268998536052027 -0.292633480102478 -0.0306808200354731 0.316 0.148 -0.0900000000000001
"4" 0.342274894400398 -0.0795824755835941 -0.299730259071448 -0.353165661807397 -0.0516342675487143 0.316 0.148 -0.0900000000000001
"5" 0.389094213120928 -0.0765871529716975 -0.320810394240817 -0.394687140171307 -0.0660070869823751 0.316 0.148 -0.0900000000000005
"6" 0.424122742705398 -0.0739367345966431 -0.334963434108872 -0.422564339911414 -0.0756568868924124 0.316 0.148 -0.09
"7" 0.45194218590996 -0.0715858479378428 -0.344052514813901 -0.440467074633442 -0.0818539873731146 0.316 0.148 -0.0899999999999995
"8" 0.475560115797762 -0.06957109239651 -0.349562176817647 -0.451319439186275 -0.0856105751029415 0.316 0.148 -0.0899999999999999
"9" 0.496946899176335 -0.067933403299832 -0.352702544638798 -0.45750501216733 -0.0877517349809988 0.316 0.148 -0.0900000000000001
"10" 0.517359420429 -0.0666757234782299 -0.354388840806943 -0.460826504619738 -0.0889014823683706 0.316 0.148 -0.0900000000000001
"11" 0.537554498383344 -0.0657598933483578 -0.355245908148458 -0.462514667565143 -0.0894858464648572 0.316 0.148 -0.09
"12" 0.557954681213787 -0.0651235287379172 -0.355660498720016 -0.463331285357606 -0.0897685218545557 0.316 0.148 -0.0900000000000005
"13" 0.578777562243088 -0.064698791220775 -0.35585240768841 -0.463709287871111 -0.0898993688784611 0.316 0.148 -0.0900000000000004
"14" 0.600127067665239 -0.064424842299281 -0.355937829360839 -0.463877542680441 -0.0899576109278449 0.316 0.148 -0.0900000000000001
"15" 0.622050694447073 -0.0642532154593837 -0.35597454837449 -0.463949868010359 -0.0899826466189703 0.316 0.148 -0.0899999999999999
"16" 0.64457160493401 -0.064148326881331 -0.35598984702537 -0.463980001716638 -0.0899930775172978 0.316 0.148 -0.09
"17" 0.667704799779122 -0.0640855737647805 -0.355996044434427 -0.463992208734477 -0.0899973030234729 0.316 0.148 -0.0900000000000002
"18" 0.691464357163999 -0.0640487121639793 -0.355998491921271 -0.463997029541898 -0.0899989717645034 0.316 0.148 -0.0899999999999998
"19" 0.715866134846752 -0.0640274016649032 -0.355999436369412 -0.463998889818538 -0.0899996157064171 0.316 0.148 -0.0899999999999999
"20" 0.740928349056328 -0.0640152519742273 -0.355999793183932 -0.463999592635016 -0.0899998589890442 0.316 0.148 -0.0899999999999999
"21" 0.766671199206661 -0.0640084094385003 -0.355999925392887 -0.463999853046595 -0.0899999491315137 0.316 0.148 -0.0900000000000003
"22" 0.793116014014655 -0.0640045973747294 -0.355999973508667 -0.463999947820102 -0.0899999819377277 0.316 0.148 -0.0899999999999998
"23" 0.820284033806026 -0.0640024940368492 -0.355999990731276 -0.463999981743422 -0.0899999936804152 0.316 0.148 -0.0899999999999999
"24" 0.848194754493325 -0.0640013435066347 -0.355999996801512 -0.463999993699947 -0.0899999978192123 0.316 0.148 -0.0900000000000002
"25" 0.876863643262959 -0.0640007190623973 -0.355999998910439 -0.463999997853896 -0.0899999992571178 0.316 0.148 -0.0900000000000001
"26" 0.906298942236791 -0.0640003825474171 -0.35599999963333 -0.463999999277772 -0.0899999997499981 0.316 0.148 -0.0899999999999999
"27" 0.93649718156596 -0.0640002023751643 -0.355999999878012 -0.463999999759721 -0.0899999999168266 0.316 0.148 -0.0899999999999999
"28" 0.967436927791576 -0.0640001064889098 -0.355999999959853 -0.463999999920923 -0.0899999999726274 0.316 0.148 -0.0900000000000001
"29" 0.999070224985577 -0.0640000557454654 -0.355999999986923 -0.463999999974242 -0.089999999991084 0.316 0.148 -0.0899999999999999
"30" 1.03131121891799 -0.0640000290345503 -0.355999999995782 -0.463999999991692 -0.089999999997124 0.316 0.148 -0.0900000000000002
"31" 1.06402173710545 -0.0640000150459927 -0.355999999998652 -0.463999999997345 -0.0899999999990808 0.316 0.148 -0.0900000000000002
"32" 1.09699438100327 -0.064000007756774 -0.355999999999573 -0.463999999999159 -0.0899999999997089 0.316 0.148 -0.0900000000000001
"33" 1.12993529689198 -0.0640000039774295 -0.355999999999866 -0.463999999999736 -0.0899999999999085 0.316 0.148 -0.0900000000000001
"34" 1.16245142979074 -0.0640000020278861 -0.355999999999958 -0.463999999999918 -0.0899999999999717 0.316 0.148 -0.0899999999999999
"35" 1.19405027372267 -0.0640000010275918 -0.355999999999987 -0.463999999999975 -0.0899999999999914 0.316 0.148 -0.0899999999999999
"36" 1.22416201172131 -0.0640000005172756 -0.355999999999996 -0.463999999999992 -0.0899999999999973 0.316 0.148 -0.0900000000000001
"37" 1.25219100703718 -0.0640000002585448 -0.355999999999999 -0.463999999999998 -0.0899999999999992 0.316 0.148 -0.0900000000000002
"38" 1.27759310365901 -0.0640000001282598 -0.356 -0.463999999999999 -0.0899999999999997 0.316 0.148 -0.0900000000000002
"39" 1.29995996970494 -0.0640000000631394 -0.356 -0.464 -0.09 0.316 0.148 -0.0900000000000001
"40" 1.31908215915565 -0.0640000000308466 -0.356 -0.464 -0.09 0.316 0.148 -0.0900000000000001
"41" 1.33496862905731 -0.0640000000149622 -0.356 -0.464 -0.0900000000000001 0.316 0.148 -0.0900000000000001
"42" 1.34781976370974 -0.0640000000072109 -0.356 -0.464 -0.09 0.316 0.148 -0.0900000000000001
"43" 1.35796965028536 -0.0640000000034561 -0.356 -0.464 -0.09 0.316 0.148 -0.09
"44" 1.36582013389428 -0.0640000000016493 -0.356 -0.464 -0.0899999999999999 0.316 0.148 -0.0899999999999999
"45" 1.37178423371426 -0.0640000000007845 -0.356 -0.464 -0.0900000000000001 0.316 0.148 -0.09
"46" 1.37624701319296 -0.0640000000003723 -0.356 -0.464 -0.09 0.316 0.148 -0.09
"47" 1.37954413930361 -0.0640000000001764 -0.356 -0.464 -0.0899999999999999 0.316 0.148 -0.0900000000000001
"48" 1.38195426781362 -0.0640000000000836 -0.356 -0.464 -0.09 0.316 0.148 -0.0900000000000001
"49" 1.38370040433061 -0.0640000000000397 -0.356 -0.464 -0.0900000000000001 0.316 0.148 -0.09
"50" 1.38495608118357 -0.0640000000000188 -0.356 -0.464 -0.09 0.316 0.148 -0.09
"51" 1.38585341867241 -0.0640000000000089 -0.356 -0.464 -0.0899999999999999 0.316 0.148 -0.09
"52" 1.38649129308026 -0.0640000000000042 -0.356 -0.464 -0.0899999999999999 0.316 0.148 -0.0899999999999999
"53" 1.386942694145 -0.0640000000000019 -0.356 -0.464 -0.09 0.316 0.148 -0.0900000000000001
"54" 1.38726091034746 -0.064000000000001 -0.356 -0.464 -0.09 0.316 0.148 -0.0899999999999999
"55" 1.38748449816422 -0.0640000000000005 -0.356 -0.464 -0.09 0.316 0.148 -0.0900000000000002
"56" 1.38764114916574 -0.0640000000000002 -0.356 -0.464 -0.09 0.316 0.148 -0.0900000000000001
"57" 1.38775062984743 -0.0640000000000002 -0.356 -0.464 -0.0900000000000001 0.316 0.148 -0.0899999999999997
"58" 1.38782697728216 -0.064 -0.356 -0.464 -0.0899999999999999 0.316 0.148 -0.0900000000000001
"59" 1.38788011656583 -0.064 -0.356 -0.464 -0.0900000000000001 0.316 0.148 -0.0900000000000001
"60" 1.38791703941305 -0.064 -0.356 -0.464 -0.09 0.316 0.148 -0.0900000000000001
"61" 1.38794265547621 -0.064 -0.356 -0.464 -0.0900000000000001 0.316 0.148 -0.0900000000000001
"62" 1.38796040288254 -0.064 -0.356 -0.464 -0.09 0.316 0.148 -0.09
"63" 1.38797268350859 -0.064 -0.356 -0.464 -0.09 0.316 0.148 -0.0900000000000001
"64" 1.38798117177379 -0.064 -0.356 -0.464 -0.09 0.316 0.148 -0.09
"65" 1.38798703279357 -0.064 -0.356 -0.464 -0.09 0.316 0.148 -0.0899999999999999
"66" 1.38799107595108 -0.0639999999999999 -0.356 -0.464 -0.0899999999999999 0.316 0.148 -0.0900000000000001
"67" 1.38799386267597 -0.064 -0.356 -0.464 -0.0900000000000001 0.316 0.148 -0.0900000000000001
"68" 1.38799578188514 -0.064 -0.356 -0.464 -0.0900000000000001 0.316 0.148 -0.09
"69" 1.38799710266615 -0.0639999999999999 -0.356 -0.464 -0.09 0.316 0.148 -0.09
"70" 1.38799801099337 -0.064 -0.356 -0.464 -0.0899999999999999 0.316 0.148 -0.0900000000000001
"71" 1.38799863527018 -0.064 -0.356 -0.464 -0.09 0.316 0.148 -0.0900000000000001
"72" 1.38799906406914 -0.064 -0.356 -0.464 -0.09 0.316 0.148 -0.09
"73" 1.3879993584357 -0.064 -0.356 -0.464 -0.0899999999999999 0.316 0.148 -0.09
"74" 1.38799956041017 -0.0639999999999999 -0.356 -0.464 -0.09 0.316 0.148 -0.09
"75" 1.38799969892349 -0.064 -0.356 -0.464 -0.09 0.316 0.148 -0.0900000000000001
"76" 1.38799979387158 -0.064 -0.356 -0.464 -0.0900000000000001 0.316 0.148 -0.09
"77" 1.3879998589283 -0.0639999999999999 -0.356 -0.464 -0.09 0.316 0.148 -0.0899999999999999
"78" 1.38799990348571 -0.064 -0.356 -0.464 -0.0899999999999999 0.316 0.148 -0.0900000000000001
"79" 1.38799993399133 -0.064 -0.356 -0.464 -0.09 0.316 0.148 -0.09
"80" 1.38799995486893 -0.064 -0.356 -0.464 -0.0899999999999999 0.316 0.148 -0.0899999999999999
"81" 1.38799996915232 -0.0639999999999999 -0.356 -0.464 -0.09 0.316 0.148 -0.0900000000000002
"82" 1.38799997892108 -0.064 -0.356 -0.464 -0.0899999999999999 0.316 0.148 -0.0900000000000001
"83" 1.3879999856001 -0.064 -0.356 -0.464 -0.09 0.316 0.148 -0.09
"84" 1.3879999901653 -0.064 -0.356 -0.464 -0.09 0.316 0.148 -0.0899999999999999
"85" 1.38799999328479 -0.064 -0.356 -0.464 -0.0899999999999999 0.316 0.148 -0.09
"86" 1.38799999541584 -0.0639999999999999 -0.356 -0.464 -0.0900000000000001 0.316 0.148 -0.0899999999999999
"87" 1.38799999687128 -0.064 -0.356 -0.464 -0.09 0.316 0.148 -0.09
"88" 1.38799999786506 -0.064 -0.356 -0.464 -0.09 0.316 0.148 -0.0899999999999998
"89" 1.38799999854347 -0.064 -0.356 -0.464 -0.0900000000000001 0.316 0.148 -0.0899999999999999
"90" 1.38799999900649 -0.064 -0.356 -0.464 -0.09 0.316 0.148 -0.0900000000000001
"91" 1.38799999932244 -0.0639999999999999 -0.356 -0.464 -0.0899999999999999 0.316 0.148 -0.0900000000000001
"92" 1.38799999953799 -0.064 -0.356 -0.464 -0.09 0.316 0.148 -0.0900000000000001
"93" 1.38799999968501 -0.064 -0.356 -0.464 -0.0899999999999999 0.316 0.148 -0.09
"94" 1.38799999978529 -0.064 -0.356 -0.464 -0.09 0.316 0.148 -0.0899999999999999
"95" 1.38799999985366 -0.0639999999999999 -0.356 -0.464 -0.0899999999999999 0.316 0.148 -0.0900000000000002
